K = 0.01
J = 0.01
R = 1
L = 0.5